00 00 00 00 00 00 00 00 
00 00 00 00 00 00 00 00 
00 00 00 00 00 00 00 00 
00 00 00 00 00 00 00 00 
00 00 00 00 00 00 00 00
00 00 00 00 00 00 00 00 
00 00 00 00 00 00 00 00 
8e 5d 55 55 55 55 00 00

48 c7 c7 5e 9c 7c 74 48 
ba c2 5d 55 55 55 55 00 
00 52 c3 00 00 00 00 00 
00 00 00 00 00 00 00 00 
00 00 00 00 00 00 00 00
00 00 00 00 00 00 00 00 
00 00 00 00 00 00 00 00 
f8 96 67 55 00 00 00 00

48 c7 c7 38 97 67 55 48 
ba e7 5e 55 55 55 55 00 
00 52 c3 00 00 00 00 00 
00 00 00 00 00 00 00 00 
00 00 00 00 00 00 00 00 
00 00 00 00 00 00 00 00 
00 00 00 00 00 00 00 00 
f8 96 67 55 00 00 00 00 
37 34 37 63 39 63 35 65 
00 

00 00 00 00 00 00 00 00 
00 00 00 00 00 00 00 00 
00 00 00 00 00 00 00 00 
00 00 00 00 00 00 00 00 
00 00 00 00 00 00 00 00 
00 00 00 00 00 00 00 00 
00 00 00 00 00 00 00 00 
9e 5f 55 55 55 55 00 00
5e 9c 7c 74 00 00 00 00
e7 5f 55 55 55 55 00 00
c2 5d 55 55 55 55 00 00

00 00 00 00 00 00 00 00 
00 00 00 00 00 00 00 00 
00 00 00 00 00 00 00 00 
00 00 00 00 00 00 00 00 
00 00 00 00 00 00 00 00 
00 00 00 00 00 00 00 00 
00 00 00 00 00 00 00 00 
6e 60 55 55 55 55 00 00
e7 5f 55 55 55 55 00 00
9e 5f 55 55 55 55 00 00
48 00 00 00 00 00 00 00
42 61 55 55 55 55 00 00
24 60 55 55 55 55 00 00
4e 60 55 55 55 55 00 00
f9 5f 55 55 55 55 00 00
e7 5f 55 55 55 55 00 00
e7 5e 55 55 55 55 00 00
37 34 37 63 39 63 35 65 
00 


